_viz_0 = nengo_gui.components.HTMLView(arm_node)
_viz_config[_viz_0].label_visible = True
_viz_config[_viz_0].width = 0.8636894033815075
_viz_config[_viz_0].height = 0.403058517036271
_viz_config[_viz_0].y = 1.700294426304834
_viz_config[_viz_0].x = 0.47424873496711356
_viz_1 = nengo_gui.components.Value(kin_adapt)
_viz_config[_viz_1].synapse = 0.01
_viz_config[_viz_1].max_value = 3
_viz_config[_viz_1].min_value = 0
_viz_config[_viz_1].legend_labels = ['label_0', 'label_1']
_viz_config[_viz_1].height = 0.26014132562188513
_viz_config[_viz_1].label_visible = True
_viz_config[_viz_1].width = 0.360502307814246
_viz_config[_viz_1].show_legend = False
_viz_config[_viz_1].y = 1.0142059218791188
_viz_config[_viz_1].x = 0.09666356378637832
_viz_3 = nengo_gui.components.Raster(dyn_adapt)
_viz_config[_viz_3].label_visible = True
_viz_config[_viz_3].width = 0.33257910190319084
_viz_config[_viz_3].y = 1.0035716892600515
_viz_config[_viz_3].x = 0.9012594625866328
_viz_config[_viz_3].n_neurons = 100
_viz_config[_viz_3].height = 0.26764125484885437
_viz_ace_editor = nengo_gui.components.AceEditor()
_viz_net_graph = nengo_gui.components.NetGraph()
_viz_sim_control = nengo_gui.components.SimControl()
_viz_config[_viz_sim_control].kept_time = 4.0
_viz_config[_viz_sim_control].shown_time = 0.5
_viz_config[arm_node].pos=(0.7781872293372526, 0.593080071117604)
_viz_config[arm_node].size=(0.06955501466034339, 0.0406797239118216)
_viz_config[dyn_adapt].pos=(0.7708017542394967, 0.326345400817375)
_viz_config[dyn_adapt].size=(0.1, 0.1)
_viz_config[error_node].pos=(0.43494001728336257, 0.35830136638447047)
_viz_config[error_node].size=(0.06353704682375344, 0.05109055799916927)
_viz_config[input_ens].pos=(-0.12920590015640837, 0.3552436581964769)
_viz_config[input_ens].size=(0.06733250857706545, 0.0501756674492555)
_viz_config[kin_adapt].pos=(0.1056768406903073, 0.3567814733365053)
_viz_config[kin_adapt].size=(0.06064504851880437, 0.045192223655839796)
_viz_config[model].pos=(0.33826284762138925, -0.08243393762775363)
_viz_config[model].size=(0.6017670646427314, 0.6017670646427314)
_viz_config[model].expanded=True
_viz_config[model].has_layout=True
_viz_config[mult_node].pos=(0.26307499913313015, 0.48877927569683743)
_viz_config[mult_node].size=(0.0885157503119916, 0.08198103049030095)
_viz_config[target_node].pos=(-0.12679157704784477, 0.5936660323942459)
_viz_config[target_node].size=(0.0885157503119916, 0.08198103049030095)
_viz_config[training_node].pos=(0.0942577752812211, 0.15376533977105103)
_viz_config[training_node].size=(0.1, 0.1)