_viz_0 = nengo_gui.components.HTMLView(arm_node)
_viz_config[_viz_0].height = 0.403058517036271
_viz_config[_viz_0].x = 0.47424873496711356
_viz_config[_viz_0].width = 0.8636894033815075
_viz_config[_viz_0].y = 1.700294426304834
_viz_config[_viz_0].label_visible = True
_viz_1 = nengo_gui.components.Value(kin_adapt)
_viz_config[_viz_1].max_value = 3
_viz_config[_viz_1].y = 1.0142059218791188
_viz_config[_viz_1].label_visible = True
_viz_config[_viz_1].min_value = 0
_viz_config[_viz_1].x = 0.09666356378637832
_viz_config[_viz_1].width = 0.360502307814246
_viz_config[_viz_1].synapse = 0.01
_viz_config[_viz_1].height = 0.26014132562188513
_viz_config[_viz_1].legend_labels = ['label_0', 'label_1']
_viz_config[_viz_1].show_legend = False
_viz_2 = nengo_gui.components.Value(error_node)
_viz_config[_viz_2].max_value = 1
_viz_config[_viz_2].y = 1.016897402130858
_viz_config[_viz_2].label_visible = True
_viz_config[_viz_2].min_value = -1
_viz_config[_viz_2].x = 0.7994122178657141
_viz_config[_viz_2].width = 0.3558654389055292
_viz_config[_viz_2].synapse = 0.01
_viz_config[_viz_2].height = 0.2635106888378495
_viz_config[_viz_2].legend_labels = ['label_0', 'label_1']
_viz_config[_viz_2].show_legend = False
_viz_ace_editor = nengo_gui.components.AceEditor()
_viz_net_graph = nengo_gui.components.NetGraph()
_viz_sim_control = nengo_gui.components.SimControl()
_viz_config[_viz_sim_control].shown_time = 0.5
_viz_config[_viz_sim_control].kept_time = 4.0
_viz_config[arm_node].pos=(0.7781872293372526, 0.593080071117604)
_viz_config[arm_node].size=(0.06955501466034339, 0.0406797239118216)
_viz_config[error_node].pos=(0.43250340061559167, 0.3523093979923319)
_viz_config[error_node].size=(0.06353704682375344, 0.05109055799916927)
_viz_config[input_ens].pos=(-0.12920590015640837, 0.3552436581964769)
_viz_config[input_ens].size=(0.06733250857706545, 0.0501756674492555)
_viz_config[kin_adapt].pos=(0.1056768406903073, 0.3567814733365053)
_viz_config[kin_adapt].size=(0.06064504851880437, 0.045192223655839796)
_viz_config[model].pos=(0.3058815927317783, -0.2483983097346637)
_viz_config[model].size=(0.6549231553528394, 0.6549231553528394)
_viz_config[model].expanded=True
_viz_config[model].has_layout=True
_viz_config[mult_node].pos=(0.26551161580090105, 0.484784630102079)
_viz_config[mult_node].size=(0.0885157503119916, 0.08198103049030095)
_viz_config[target_node].pos=(-0.12679157704784477, 0.5936660323942459)
_viz_config[target_node].size=(0.0885157503119916, 0.08198103049030095)