_viz_0 = nengo_gui.components.HTMLView(arm_node)
_viz_config[_viz_0].label_visible = False
_viz_config[_viz_0].width = 0.7304876097277139
_viz_config[_viz_0].height = 0.5674214990322015
_viz_config[_viz_0].y = 2.2807228642898636
_viz_config[_viz_0].x = 0.9691409785734311
_viz_1 = nengo_gui.components.Slider(xy_node)
_viz_config[_viz_1].label_visible = True
_viz_config[_viz_1].width = 0.3930659599734318
_viz_config[_viz_1].x = -0.3867436103346341
_viz_config[_viz_1].y = 2.446935648328232
_viz_config[_viz_1].max_value = 3
_viz_config[_viz_1].min_value = 0
_viz_config[_viz_1].height = 0.5483229345512077
_viz_2 = nengo_gui.components.Value(ens_xy_to_angles)
_viz_config[_viz_2].synapse = 0.01
_viz_config[_viz_2].max_value = 4
_viz_config[_viz_2].min_value = -4
_viz_config[_viz_2].legend_labels = [u'label_0', u'label_1']
_viz_config[_viz_2].height = 0.3239637556425823
_viz_config[_viz_2].label_visible = True
_viz_config[_viz_2].width = 0.4787528324948996
_viz_config[_viz_2].show_legend = False
_viz_config[_viz_2].y = 1.524236947621069
_viz_config[_viz_2].x = 0.10943916376250479
_viz_3 = nengo_gui.components.Value(arm_node)
_viz_config[_viz_3].synapse = 0.01
_viz_config[_viz_3].max_value = 5
_viz_config[_viz_3].min_value = -5
_viz_config[_viz_3].legend_labels = [u'label_0', u'label_1', u'label_2', u'label_3', u'label_4', u'label_5']
_viz_config[_viz_3].height = 0.3239637556425823
_viz_config[_viz_3].label_visible = True
_viz_config[_viz_3].width = 0.4787528324948996
_viz_config[_viz_3].show_legend = False
_viz_config[_viz_3].y = 1.5135470182700184
_viz_config[_viz_3].x = 0.9901175099528716
_viz_ace_editor = nengo_gui.components.AceEditor()
_viz_net_graph = nengo_gui.components.NetGraph()
_viz_sim_control = nengo_gui.components.SimControl()
_viz_config[_viz_sim_control].kept_time = 4.0
_viz_config[_viz_sim_control].shown_time = 0.5
_viz_config[arm_node].pos=(1.1380493550124626, 0.7742652262342729)
_viz_config[arm_node].size=(0.14889491108724692, 0.37968202327247974)
_viz_config[ens_xy_to_angles].pos=(0.4307985273480398, 0.7742652262342729)
_viz_config[ens_xy_to_angles].size=(0.1861186388590587, 0.4746025290905997)
_viz_config[model].pos=(0.8729680325851327, -0.37309982947668485)
_viz_config[model].size=(0.3710054152629086, 0.3710054152629086)
_viz_config[model].expanded=True
_viz_config[model].has_layout=True
_viz_config[xy_node].pos=(-0.2764523003163832, 0.7742652262342729)
_viz_config[xy_node].size=(0.14889491108724692, 0.37968202327247974)