_viz_0 = nengo_gui.components.Value(output)
_viz_config[_viz_0].max_value = 1
_viz_config[_viz_0].min_value = -1
_viz_config[_viz_0].legend_labels = [u'label_0']
_viz_config[_viz_0].height = 0.1400016795157585
_viz_config[_viz_0].label_visible = True
_viz_config[_viz_0].width = 0.2049761892735098
_viz_config[_viz_0].show_legend = False
_viz_config[_viz_0].y = 1.2942707587138802
_viz_config[_viz_0].x = 0.9055300017445842
_viz_3 = nengo_gui.components.Value(gate)
_viz_config[_viz_3].max_value = 1
_viz_config[_viz_3].min_value = -1
_viz_config[_viz_3].legend_labels = [u'label_0']
_viz_config[_viz_3].height = 0.1400016795157585
_viz_config[_viz_3].label_visible = True
_viz_config[_viz_3].width = 0.2049761892735098
_viz_config[_viz_3].show_legend = False
_viz_config[_viz_3].y = 0.7398641078314772
_viz_config[_viz_3].x = 0.5363189082513966
_viz_4 = nengo_gui.components.Slider(node_in)
_viz_config[_viz_4].label_visible = True
_viz_config[_viz_4].width = 0.1024880946367549
_viz_config[_viz_4].x = 0.40475322182465556
_viz_config[_viz_4].y = 1.3089880084385848
_viz_config[_viz_4].max_value = 1
_viz_config[_viz_4].min_value = -1
_viz_config[_viz_4].height = 0.1400016795157585
_viz_ace_editor = nengo_gui.components.AceEditor()
_viz_net_graph = nengo_gui.components.NetGraph()
_viz_sim_control = nengo_gui.components.SimControl()
_viz_config[_viz_sim_control].kept_time = 4.0
_viz_config[_viz_sim_control].shown_time = 0.5
_viz_config[deriv].pos=(0.21780767750329377, 0.9681123744436317)
_viz_config[deriv].size=(0.05178823189166995, 0.09515561306924726)
_viz_config[gate].pos=(0.6321135326366535, 0.9681123744436317)
_viz_config[gate].size=(0.05178823189166995, 0.09515561306924726)
_viz_config[model].pos=(0.05041182892969321, -0.31913060526070464)
_viz_config[model].size=(0.8543984993188509, 0.8543984993188509)
_viz_config[model].expanded=True
_viz_config[model].has_layout=True
_viz_config[node_in].pos=(0.021012398269753204, 1.2440636523444488)
_viz_config[node_in].size=(0.04143058746814124, 0.0761244904553978)
_viz_config[output].pos=(1.0464193877700132, 0.9681123744436317)
_viz_config[output].size=(0.05178823189166995, 0.09515561306924726)