_viz_config[BG].pos=(0.9064378340115962, 0.6879734694189606)
_viz_config[BG].size=(0.17480841035101308, 0.5523945767092013)
_viz_config[BG].expanded=True
_viz_config[BG].has_layout=True
_viz_config[BG.gpe].pos=(0.4203539823008849, 0.5063291139240507)
_viz_config[BG.gpe].size=(0.04424778761061946, 0.06329113924050633)
_viz_config[BG.gpi].pos=(0.7743362831858407, 0.5)
_viz_config[BG.gpi].size=(0.04424778761061946, 0.06329113924050633)
_viz_config[BG.input].pos=(0.0663716814159292, 0.5)
_viz_config[BG.input].size=(0.04424778761061946, 0.06329113924050633)
_viz_config[BG.output].pos=(0.9424778761061946, 0.5)
_viz_config[BG.output].size=(0.035398230088495575, 0.05063291139240506)
_viz_config[BG.stn].pos=(0.5973451327433628, 0.8734177215189873)
_viz_config[BG.stn].size=(0.04424778761061946, 0.06329113924050633)
_viz_config[BG.strD1].pos=(0.24336283185840707, 0.12658227848101267)
_viz_config[BG.strD1].size=(0.04424778761061946, 0.06329113924050633)
_viz_config[BG.strD2].pos=(0.24336283185840707, 0.5063291139240507)
_viz_config[BG.strD2].size=(0.04424778761061946, 0.06329113924050633)
_viz_0 = nengo_gui.components.HTMLView(plot_output)
_viz_config[_viz_0].label_visible = True
_viz_config[_viz_0].width = 0.5295875844573866
_viz_config[_viz_0].height = 0.36171592192005714
_viz_config[_viz_0].y = 2.2420587459798482
_viz_config[_viz_0].x = 1.4329725139064504
_viz_1 = nengo_gui.components.HTMLView(plot_input)
_viz_config[_viz_1].label_visible = True
_viz_config[_viz_1].width = 0.5295875844573866
_viz_config[_viz_1].height = 0.36171592192005714
_viz_config[_viz_1].y = 2.270276354217414
_viz_config[_viz_1].x = 0.19903344212073948
_viz_2 = nengo_gui.components.Slider(stim_control1)
_viz_config[_viz_2].label_visible = True
_viz_config[_viz_2].width = 0.243441354138654
_viz_config[_viz_2].x = -0.132283697955323
_viz_config[_viz_2].y = 1.284962377706063
_viz_config[_viz_2].max_value = 1
_viz_config[_viz_2].min_value = -1
_viz_config[_viz_2].height = 0.3325478785004102
_viz_ace_editor = nengo_gui.components.AceEditor()
_viz_net_graph = nengo_gui.components.NetGraph()
_viz_sim_control = nengo_gui.components.SimControl()
_viz_config[_viz_sim_control].kept_time = 4.0
_viz_config[_viz_sim_control].shown_time = 0.5
_viz_config[model].pos=(0.4177889084353301, -0.41620335683792686)
_viz_config[model].size=(0.4105722052044298, 0.4105722052044298)
_viz_config[model].expanded=True
_viz_config[model].has_layout=True
_viz_config[plot_input].pos=(1.3259780188540278, 1.0746496731154016)
_viz_config[plot_input].size=(0.06992336414040524, 0.11047891534184026)
_viz_config[plot_output].pos=(1.3259780188540278, 0.3012972657225198)
_viz_config[plot_output].size=(0.06992336414040524, 0.11047891534184026)
_viz_config[stim_control1].pos=(0.17224251053734138, 0.6879734694189606)
_viz_config[stim_control1].size=(0.06992336414040524, 0.11047891534184026)
_viz_config[stimulus1].pos=(0.48689764916916495, 0.6879734694189606)
_viz_config[stimulus1].size=(0.06992336414040524, 0.11047891534184026)