_viz_0 = nengo_gui.components.Slider(model.nodes[1])
_viz_config[_viz_0].label_visible = True
_viz_config[_viz_0].width = 0.17486922650906794
_viz_config[_viz_0].x = 0.19064514287547327
_viz_config[_viz_0].y = 1.216957231845546
_viz_config[_viz_0].max_value = 1
_viz_config[_viz_0].min_value = -1
_viz_config[_viz_0].height = 0.2532090030450465
_viz_1 = nengo_gui.components.HTMLView(plot)
_viz_config[_viz_1].label_visible = True
_viz_config[_viz_1].width = 0.3497384530181359
_viz_config[_viz_1].height = 0.23887638358056887
_viz_config[_viz_1].y = 1.7410792138492017
_viz_config[_viz_1].x = 1.4482692991945525
_viz_3 = nengo_gui.components.HTMLView(model.nodes[2])
_viz_config[_viz_3].label_visible = True
_viz_config[_viz_3].width = 0.3497384530181359
_viz_config[_viz_3].height = 0.23887638358056887
_viz_config[_viz_3].y = 1.2671212723974647
_viz_config[_viz_3].x = 1.4673914882881431
_viz_ace_editor = nengo_gui.components.AceEditor()
_viz_net_graph = nengo_gui.components.NetGraph()
_viz_sim_control = nengo_gui.components.SimControl()
_viz_config[_viz_sim_control].kept_time = 4.0
_viz_config[_viz_sim_control].shown_time = 0.5
_viz_config[ens1].pos=(0.6304347826086957, 0.2857142857142857)
_viz_config[ens1].size=(0.07246376811594202, 0.14285714285714285)
_viz_config[ens2].pos=(0.6304347826086957, 0.7142857142857142)
_viz_config[ens2].size=(0.07246376811594202, 0.14285714285714285)
_viz_config[model].pos=(0.054831027872945186, -0.10489236965826493)
_viz_config[model].size=(0.5007494800759069, 0.5007494800759069)
_viz_config[model].expanded=True
_viz_config[model].has_layout=True
_viz_config[model.nodes[0]].pos=(0.3550724637681159, 0.2857142857142857)
_viz_config[model.nodes[0]].size=(0.05797101449275362, 0.11428571428571428)
_viz_config[model.nodes[1]].pos=(0.09420289855072464, 0.2857142857142857)
_viz_config[model.nodes[1]].size=(0.05797101449275362, 0.11428571428571428)
_viz_config[model.nodes[2]].pos=(0.9057971014492753, 0.2857142857142857)
_viz_config[model.nodes[2]].size=(0.05797101449275362, 0.11428571428571428)
_viz_config[plot].pos=(0.3550724637681159, 0.7142857142857142)
_viz_config[plot].size=(0.05797101449275362, 0.11428571428571428)