_viz_0 = nengo_gui.components.Slider(desired_output)
_viz_config[_viz_0].label_visible = True
_viz_config[_viz_0].width = 0.051387461459403906
_viz_config[_viz_0].x = 0.04918277359679082
_viz_config[_viz_0].y = 0.3851784633998791
_viz_config[_viz_0].max_value = 1
_viz_config[_viz_0].min_value = -1
_viz_config[_viz_0].height = 0.19157088122605365
_viz_1 = nengo_gui.components.Value(predicted_plant_output)
_viz_config[_viz_1].label_visible = True
_viz_config[_viz_1].width = 0.10277492291880781
_viz_config[_viz_1].x = 0.8902695936871643
_viz_config[_viz_1].y = 0.2247227263561201
_viz_config[_viz_1].max_value = 1
_viz_config[_viz_1].min_value = -1
_viz_config[_viz_1].height = 0.19157088122605365
_viz_2 = nengo_gui.components.Value(predicted_u)
_viz_config[_viz_2].label_visible = True
_viz_config[_viz_2].width = 0.10277492291880781
_viz_config[_viz_2].x = 0.8864127713109626
_viz_config[_viz_2].y = 0.6878402903811255
_viz_config[_viz_2].max_value = 1
_viz_config[_viz_2].min_value = -1
_viz_config[_viz_2].height = 0.19157088122605365
_viz_3 = nengo_gui.components.Value(plant)
_viz_config[_viz_3].label_visible = True
_viz_config[_viz_3].width = 0.10277492291880781
_viz_config[_viz_3].x = 0.6874481981235289
_viz_config[_viz_3].y = 0.21966122202056837
_viz_config[_viz_3].max_value = 1
_viz_config[_viz_3].min_value = -1
_viz_config[_viz_3].height = 0.19157088122605365
_viz_4 = nengo_gui.components.Value(des_x)
_viz_config[_viz_4].label_visible = True
_viz_config[_viz_4].width = 0.10277492291880781
_viz_config[_viz_4].x = 0.6770171541641296
_viz_config[_viz_4].y = 0.6878402903811256
_viz_config[_viz_4].max_value = 1
_viz_config[_viz_4].min_value = -1
_viz_config[_viz_4].height = 0.19157088122605365
_viz_ace_editor = nengo_gui.components.AceEditor()
_viz_net_graph = nengo_gui.components.NetGraph()
_viz_sim_control = nengo_gui.components.SimControl()
_viz_config[_viz_sim_control].kept_time = 4.0
_viz_config[_viz_sim_control].shown_time = 0.5
_viz_config[des_x].pos=(0.26699930378278025, 0.45269682470639416)
_viz_config[des_x].size=(0.053763440860215055, 0.10526315789473685)
_viz_config[desired_output].pos=(0.15725115759926633, 0.44856459330143517)
_viz_config[desired_output].size=(0.043010752688172046, 0.08421052631578947)
_viz_config[model].pos=(0, 0)
_viz_config[model].size=(1.0, 1.0)
_viz_config[model].expanded=True
_viz_config[model].has_layout=True
_viz_config[plant].pos=(0.35769541049188325, 0.7204654197477156)
_viz_config[plant].size=(0.043010752688172046, 0.08421052631578947)
_viz_config[predicted_plant_output].pos=(0.4792239940766288, 0.44495432796868206)
_viz_config[predicted_plant_output].size=(0.053763440860215055, 0.10526315789473685)
_viz_config[predicted_u].pos=(0.3643702549481152, 0.22129186602870787)
_viz_config[predicted_u].size=(0.053763440860215055, 0.10526315789473685)