_viz_0 = nengo_gui.components.Value(output)
_viz_config[_viz_0].synapse = 0.01
_viz_config[_viz_0].max_value = 1
_viz_config[_viz_0].min_value = -1
_viz_config[_viz_0].legend_labels = [u'label_0', u'label_1']
_viz_config[_viz_0].height = 0.32378739691610875
_viz_config[_viz_0].label_visible = True
_viz_config[_viz_0].width = 0.20588227939262735
_viz_config[_viz_0].show_legend = False
_viz_config[_viz_0].y = 0.8865093833636658
_viz_config[_viz_0].x = 0.8679137856617678
_viz_2 = nengo_gui.components.Slider(target_node)
_viz_config[_viz_2].label_visible = True
_viz_config[_viz_2].width = 0.04807351223817849
_viz_config[_viz_2].x = 0.6726294975337207
_viz_config[_viz_2].y = 0.3766318759898392
_viz_config[_viz_2].max_value = 1
_viz_config[_viz_2].min_value = -1
_viz_config[_viz_2].height = 0.15443496795924933
_viz_3 = nengo_gui.components.Value(controller)
_viz_config[_viz_3].synapse = 0.01
_viz_config[_viz_3].max_value = 0.01
_viz_config[_viz_3].min_value = -0.01
_viz_config[_viz_3].legend_labels = [u'label_0']
_viz_config[_viz_3].height = 0.14498337245696405
_viz_config[_viz_3].label_visible = True
_viz_config[_viz_3].width = 0.17938032367972745
_viz_config[_viz_3].show_legend = False
_viz_config[_viz_3].y = 0.36816451661519367
_viz_config[_viz_3].x = 0.9361641736844941
_viz_ace_editor = nengo_gui.components.AceEditor()
_viz_net_graph = nengo_gui.components.NetGraph()
_viz_sim_control = nengo_gui.components.SimControl()
_viz_config[_viz_sim_control].kept_time = 4.0
_viz_config[_viz_sim_control].shown_time = 0.5
_viz_config[adapt_ens].pos=(0.34932812767520205, 0.6772788210130333)
_viz_config[adapt_ens].size=(0.1, 0.1)
_viz_config[controller].pos=(0.20648711606416204, 0.3658353428983694)
_viz_config[controller].size=(0.07473029441760602, 0.15625425196408535)
_viz_config[model].pos=(-0.0798336876616822, -0.17793168748913218)
_viz_config[model].size=(0.9188361408882081, 0.9188361408882081)
_viz_config[model].expanded=True
_viz_config[model].has_layout=True
_viz_config[output].pos=(0.4655290469125067, 0.9809967310215814)
_viz_config[output].size=(0.09341286802200753, 0.19531781495510672)
_viz_config[state_node].pos=(0.46615371849244686, 0.3653640653270771)
_viz_config[state_node].size=(0.07473029441760602, 0.15625425196408535)
_viz_config[target_node].pos=(0.20066552637721863, 0.9817036473785172)
_viz_config[target_node].size=(0.07473029441760602, 0.15625425196408535)